{
  "cells": [
    {
      "cell_type": "markdown",
      "metadata": {
        "id": "939xZbV49S0P"
      },
      "source": [
        "\n",
        "![logo](https://upload.wikimedia.org/wikipedia/commons/4/44/Huntsman-Wordmark-with-USU-Blue.gif#center)\n",
        "\n",
        "\n",
        "---"
      ]
    },
    {
      "cell_type": "markdown",
      "metadata": {
        "id": "Nhk9QcXs9S0R"
      },
      "source": [
        "# Python basics (20 pionts)\n",
        "\n",
        "### Instructor: Pedram Jahangiry\n",
        "\n",
       
        "---"
      ]
    },
    {
      "cell_type": "markdown",
      "metadata": {
        "id": "tp0ZGlsr9S0S"
      },
      "source": [
        "##### 1. Import Numpy package as np"
      ]
    },
    {
      "cell_type": "code",
      "execution_count": null,
      "metadata": {
        "id": "hIr_xRkh9S0S"
      },
      "outputs": [],
      "source": [
        "# CODE HERE\n",
        "import numpy as np"
      ]
    },
    {
      "cell_type": "markdown",
      "metadata": {
        "id": "uWKm4WsN9S0T"
      },
      "source": [
        "#####  2. Create the following numpy array using two functions:  arange() and linspace(). You must generate the same answers."
      ]
    },
    {
      "cell_type": "code",
      "execution_count": null,
      "metadata": {
        "id": "24nD7O1T9S0T",
        "colab": {
          "base_uri": "https://localhost:8080/"
        },
        "outputId": "2913548a-e110-4911-b120-12c4796ec429"
      },
      "outputs": [
        {
          "output_type": "execute_result",
          "data": {
            "text/plain": [
              "array([ 2,  6, 10, 14, 18])"
            ]
          },
          "metadata": {},
          "execution_count": 4
        }
      ],
      "source": [
        "np.arange(2,20,4)# Code here (using arange function)"
      ]
    },
    {
      "cell_type": "code",
      "execution_count": null,
      "metadata": {
        "id": "R3J7N_tg9S0U",
        "outputId": "46b2cf3a-947b-491d-a545-82df43c10aef"
      },
      "outputs": [
        {
          "data": {
            "text/plain": [
              "array([ 2,  6, 10, 14, 18])"
            ]
          },
          "execution_count": 6,
          "metadata": {},
          "output_type": "execute_result"
        }
      ],
      "source": [
        "# Do NOT write here!\n"
      ]
    },
    {
      "cell_type": "code",
      "execution_count": null,
      "metadata": {
        "id": "4FDUgEoC9S0V",
        "colab": {
          "base_uri": "https://localhost:8080/"
        },
        "outputId": "d0e38790-3271-44f5-861d-a9bf74fd8e46"
      },
      "outputs": [
        {
          "output_type": "execute_result",
          "data": {
            "text/plain": [
              "array([ 2.,  6., 10., 14., 18.])"
            ]
          },
          "metadata": {},
          "execution_count": 8
        }
      ],
      "source": [
        "np.linspace(2,18,5)# Code here (using linspace function)"
      ]
    },
    {
      "cell_type": "code",
      "execution_count": null,
      "metadata": {
        "id": "AqQ1wMhp9S0V",
        "outputId": "8983d186-1e5b-444c-8bef-d8cf87cca762"
      },
      "outputs": [
        {
          "data": {
            "text/plain": [
              "array([ 2.,  6., 10., 14., 18.])"
            ]
          },
          "execution_count": 7,
          "metadata": {},
          "output_type": "execute_result"
        }
      ],
      "source": [
        "# Do NOT write here!\n"
      ]
    },
    {
      "cell_type": "markdown",
      "metadata": {
        "id": "IuskDR-a9S0V"
      },
      "source": [
        "##### 3. Create the following matrix of ones and save it as my_matrix."
      ]
    },
    {
      "cell_type": "code",
      "execution_count": null,
      "metadata": {
        "id": "i60l2Jyk9S0W",
        "colab": {
          "base_uri": "https://localhost:8080/"
        },
        "outputId": "1381ea6a-ab3d-4158-aa76-1477850d86e6"
      },
      "outputs": [
        {
          "output_type": "execute_result",
          "data": {
            "text/plain": [
              "array([[1., 1., 1., 1.],\n",
              "       [1., 1., 1., 1.],\n",
              "       [1., 1., 1., 1.],\n",
              "       [1., 1., 1., 1.]])"
            ]
          },
          "metadata": {},
          "execution_count": 32
        }
      ],
      "source": [
        "my_matrix = np.linspace(1,1,16).reshape(4,4)# Code here\n",
        "my_matrix"
      ]
    },
    {
      "cell_type": "code",
      "execution_count": null,
      "metadata": {
        "id": "OJbmcOO49S0W",
        "outputId": "6db936d8-0339-4b03-afb7-d8d75d8a2026"
      },
      "outputs": [
        {
          "data": {
            "text/plain": [
              "array([[1., 1., 1., 1.],\n",
              "       [1., 1., 1., 1.],\n",
              "       [1., 1., 1., 1.],\n",
              "       [1., 1., 1., 1.]])"
            ]
          },
          "execution_count": 17,
          "metadata": {},
          "output_type": "execute_result"
        }
      ],
      "source": [
        "# Do NOT write here\n"
      ]
    },
    {
      "cell_type": "markdown",
      "metadata": {
        "id": "fXh2zRCK9S0W"
      },
      "source": [
        "#### 4. Reshape \"my_matrix\" into a new matrix as shown below."
      ]
    },
    {
      "cell_type": "code",
      "execution_count": null,
      "metadata": {
        "id": "aLvIFraF9S0X",
        "colab": {
          "base_uri": "https://localhost:8080/"
        },
        "outputId": "ec26f76f-7199-468b-e49a-1e19c8a9c12e"
      },
      "outputs": [
        {
          "output_type": "execute_result",
          "data": {
            "text/plain": [
              "array([[1., 1., 1., 1., 1., 1., 1., 1.],\n",
              "       [1., 1., 1., 1., 1., 1., 1., 1.]])"
            ]
          },
          "metadata": {},
          "execution_count": 18
        }
      ],
      "source": [
        "my_matrix = np.reshape(my_matrix,(2,8))# Code here\n",
        "my_matrix"
      ]
    },
    {
      "cell_type": "code",
      "execution_count": null,
      "metadata": {
        "id": "hJtaU1rp9S0X",
        "outputId": "c16c9c1a-503c-40db-9cd2-67f9ba3fcc4b"
      },
      "outputs": [
        {
          "data": {
            "text/plain": [
              "array([[1., 1., 1., 1., 1., 1., 1., 1.],\n",
              "       [1., 1., 1., 1., 1., 1., 1., 1.]])"
            ]
          },
          "execution_count": 11,
          "metadata": {},
          "output_type": "execute_result"
        }
      ],
      "source": [
        "# Do NOT write here\n",
        "my_matrix"
      ]
    },
    {
      "cell_type": "markdown",
      "metadata": {
        "id": "GcukAsQ-9S0X"
      },
      "source": [
        "#### 5. First, replace the first row of \"my_matrix\" with zeros. then replace the last column with 2s. Save the new matrix as \"my_matrix2\"."
      ]
    },
    {
      "cell_type": "code",
      "execution_count": null,
      "metadata": {
        "id": "vwi3WfIF9S0X",
        "colab": {
          "base_uri": "https://localhost:8080/"
        },
        "outputId": "9db86f33-2c53-4d8a-8092-637428448fe8"
      },
      "outputs": [
        {
          "output_type": "execute_result",
          "data": {
            "text/plain": [
              "array([[0., 0., 0., 2.],\n",
              "       [1., 1., 1., 2.],\n",
              "       [1., 1., 1., 2.],\n",
              "       [1., 1., 1., 2.]])"
            ]
          },
          "metadata": {},
          "execution_count": 34
        }
      ],
      "source": [
        "my_matrix2 = my_matrix.reshape(4,4)\n",
        "my_matrix2[0] = 0\n",
        "my_matrix2[:,3] = 2\n",
        "my_matrix2\n"
      ]
    },
    {
      "cell_type": "code",
      "execution_count": null,
      "metadata": {
        "id": "8xO3icP19S0Y",
        "outputId": "5e58b519-b60b-4a17-d871-9d11a6753a15"
      },
      "outputs": [
        {
          "data": {
            "text/plain": [
              "array([[0., 0., 0., 2.],\n",
              "       [1., 1., 1., 2.],\n",
              "       [1., 1., 1., 2.],\n",
              "       [1., 1., 1., 2.]])"
            ]
          },
          "execution_count": 25,
          "metadata": {},
          "output_type": "execute_result"
        }
      ],
      "source": [
        "# Do not write here\n",
        "my_matrix2"
      ]
    },
    {
      "cell_type": "markdown",
      "metadata": {
        "id": "omwI1cOB9S0Y"
      },
      "source": [
        "#### 6. Create the following matrix and save it as \"A\"."
      ]
    },
    {
      "cell_type": "code",
      "execution_count": null,
      "metadata": {
        "id": "LBTSpbBK9S0Y",
        "colab": {
          "base_uri": "https://localhost:8080/"
        },
        "outputId": "4e56eb7c-d80c-4c1b-e729-57475085b9f1"
      },
      "outputs": [
        {
          "output_type": "execute_result",
          "data": {
            "text/plain": [
              "array([[0.01, 0.02, 0.03, 0.04, 0.05, 0.06, 0.07, 0.08, 0.09, 0.1 ],\n",
              "       [0.11, 0.12, 0.13, 0.14, 0.15, 0.16, 0.17, 0.18, 0.19, 0.2 ],\n",
              "       [0.21, 0.22, 0.23, 0.24, 0.25, 0.26, 0.27, 0.28, 0.29, 0.3 ],\n",
              "       [0.31, 0.32, 0.33, 0.34, 0.35, 0.36, 0.37, 0.38, 0.39, 0.4 ],\n",
              "       [0.41, 0.42, 0.43, 0.44, 0.45, 0.46, 0.47, 0.48, 0.49, 0.5 ],\n",
              "       [0.51, 0.52, 0.53, 0.54, 0.55, 0.56, 0.57, 0.58, 0.59, 0.6 ],\n",
              "       [0.61, 0.62, 0.63, 0.64, 0.65, 0.66, 0.67, 0.68, 0.69, 0.7 ],\n",
              "       [0.71, 0.72, 0.73, 0.74, 0.75, 0.76, 0.77, 0.78, 0.79, 0.8 ],\n",
              "       [0.81, 0.82, 0.83, 0.84, 0.85, 0.86, 0.87, 0.88, 0.89, 0.9 ],\n",
              "       [0.91, 0.92, 0.93, 0.94, 0.95, 0.96, 0.97, 0.98, 0.99, 1.  ]])"
            ]
          },
          "metadata": {},
          "execution_count": 24
        }
      ],
      "source": [
        "A = np.linspace(.01,1.,100).reshape(10,10)# Code here\n",
        "A"
      ]
    },
    {
      "cell_type": "code",
      "execution_count": null,
      "metadata": {
        "id": "PKsi9bgW9S0Y",
        "outputId": "be8de2ae-9245-4b3d-8a22-4b1ee70e6f7b"
      },
      "outputs": [
        {
          "data": {
            "text/plain": [
              "array([[0.01, 0.02, 0.03, 0.04, 0.05, 0.06, 0.07, 0.08, 0.09, 0.1 ],\n",
              "       [0.11, 0.12, 0.13, 0.14, 0.15, 0.16, 0.17, 0.18, 0.19, 0.2 ],\n",
              "       [0.21, 0.22, 0.23, 0.24, 0.25, 0.26, 0.27, 0.28, 0.29, 0.3 ],\n",
              "       [0.31, 0.32, 0.33, 0.34, 0.35, 0.36, 0.37, 0.38, 0.39, 0.4 ],\n",
              "       [0.41, 0.42, 0.43, 0.44, 0.45, 0.46, 0.47, 0.48, 0.49, 0.5 ],\n",
              "       [0.51, 0.52, 0.53, 0.54, 0.55, 0.56, 0.57, 0.58, 0.59, 0.6 ],\n",
              "       [0.61, 0.62, 0.63, 0.64, 0.65, 0.66, 0.67, 0.68, 0.69, 0.7 ],\n",
              "       [0.71, 0.72, 0.73, 0.74, 0.75, 0.76, 0.77, 0.78, 0.79, 0.8 ],\n",
              "       [0.81, 0.82, 0.83, 0.84, 0.85, 0.86, 0.87, 0.88, 0.89, 0.9 ],\n",
              "       [0.91, 0.92, 0.93, 0.94, 0.95, 0.96, 0.97, 0.98, 0.99, 1.  ]])"
            ]
          },
          "execution_count": 29,
          "metadata": {},
          "output_type": "execute_result"
        }
      ],
      "source": [
        "# Do NOT write here.\n",
        "A"
      ]
    },
    {
      "cell_type": "markdown",
      "metadata": {
        "id": "s1QmQhe29S0Y"
      },
      "source": [
        "##### 7. Create a 10 * 10 matrix using random values drawn from a standard normal distribution. Call this matrix \"B\". Set seed number = 100"
      ]
    },
    {
      "cell_type": "code",
      "execution_count": null,
      "metadata": {
        "id": "fjUcZfDl9S0Z",
        "colab": {
          "base_uri": "https://localhost:8080/"
        },
        "outputId": "9223b48b-dd18-4030-d62f-2ffa440ec346"
      },
      "outputs": [
        {
          "output_type": "execute_result",
          "data": {
            "text/plain": [
              "array([[-1.74976547,  0.3426804 ,  1.1530358 , -0.25243604,  0.98132079,\n",
              "         0.51421884,  0.22117967, -1.07004333, -0.18949583,  0.25500144],\n",
              "       [-0.45802699,  0.43516349, -0.58359505,  0.81684707,  0.67272081,\n",
              "        -0.10441114, -0.53128038,  1.02973269, -0.43813562, -1.11831825],\n",
              "       [ 1.61898166,  1.54160517, -0.25187914, -0.84243574,  0.18451869,\n",
              "         0.9370822 ,  0.73100034,  1.36155613, -0.32623806,  0.05567601],\n",
              "       [ 0.22239961, -1.443217  , -0.75635231,  0.81645401,  0.75044476,\n",
              "        -0.45594693,  1.18962227, -1.69061683, -1.35639905, -1.23243451],\n",
              "       [-0.54443916, -0.66817174,  0.00731456, -0.61293874,  1.29974807,\n",
              "        -1.73309562, -0.9833101 ,  0.35750775, -1.6135785 ,  1.47071387],\n",
              "       [-1.1880176 , -0.54974619, -0.94004616, -0.82793236,  0.10886347,\n",
              "         0.50780959, -0.86222735,  1.24946974, -0.07961125, -0.88973148],\n",
              "       [-0.88179839,  0.01863895,  0.23784462,  0.01354855, -1.6355294 ,\n",
              "        -1.04420988,  0.61303888,  0.73620521,  1.02692144, -1.43219061],\n",
              "       [-1.8411883 ,  0.36609323, -0.33177714, -0.68921798,  2.03460756,\n",
              "        -0.55071441,  0.75045333, -1.30699234,  0.58057334, -1.10452309],\n",
              "       [ 0.69012147,  0.68689007, -1.56668753,  0.90497412,  0.7788224 ,\n",
              "         0.42823287,  0.10887199,  0.02828363, -0.57882582, -1.1994512 ],\n",
              "       [-1.70595201,  0.36916396,  1.87657343, -0.37690335,  1.83193608,\n",
              "         0.00301743, -0.07602347,  0.00395759, -0.18501411, -2.48715154]])"
            ]
          },
          "metadata": {},
          "execution_count": 36
        }
      ],
      "source": [
        "np.random.seed(100)\n",
        "B = np.random.randn(10,10)# Code here\n",
        "B"
      ]
    },
    {
      "cell_type": "code",
      "execution_count": null,
      "metadata": {
        "id": "EpMpHI8G9S0Z",
        "outputId": "ad4b2565-a409-479b-a230-fb65c670d67b"
      },
      "outputs": [
        {
          "data": {
            "text/plain": [
              "array([[-1.74976547,  0.3426804 ,  1.1530358 , -0.25243604,  0.98132079,\n",
              "         0.51421884,  0.22117967, -1.07004333, -0.18949583,  0.25500144],\n",
              "       [-0.45802699,  0.43516349, -0.58359505,  0.81684707,  0.67272081,\n",
              "        -0.10441114, -0.53128038,  1.02973269, -0.43813562, -1.11831825],\n",
              "       [ 1.61898166,  1.54160517, -0.25187914, -0.84243574,  0.18451869,\n",
              "         0.9370822 ,  0.73100034,  1.36155613, -0.32623806,  0.05567601],\n",
              "       [ 0.22239961, -1.443217  , -0.75635231,  0.81645401,  0.75044476,\n",
              "        -0.45594693,  1.18962227, -1.69061683, -1.35639905, -1.23243451],\n",
              "       [-0.54443916, -0.66817174,  0.00731456, -0.61293874,  1.29974807,\n",
              "        -1.73309562, -0.9833101 ,  0.35750775, -1.6135785 ,  1.47071387],\n",
              "       [-1.1880176 , -0.54974619, -0.94004616, -0.82793236,  0.10886347,\n",
              "         0.50780959, -0.86222735,  1.24946974, -0.07961125, -0.88973148],\n",
              "       [-0.88179839,  0.01863895,  0.23784462,  0.01354855, -1.6355294 ,\n",
              "        -1.04420988,  0.61303888,  0.73620521,  1.02692144, -1.43219061],\n",
              "       [-1.8411883 ,  0.36609323, -0.33177714, -0.68921798,  2.03460756,\n",
              "        -0.55071441,  0.75045333, -1.30699234,  0.58057334, -1.10452309],\n",
              "       [ 0.69012147,  0.68689007, -1.56668753,  0.90497412,  0.7788224 ,\n",
              "         0.42823287,  0.10887199,  0.02828363, -0.57882582, -1.1994512 ],\n",
              "       [-1.70595201,  0.36916396,  1.87657343, -0.37690335,  1.83193608,\n",
              "         0.00301743, -0.07602347,  0.00395759, -0.18501411, -2.48715154]])"
            ]
          },
          "execution_count": 34,
          "metadata": {},
          "output_type": "execute_result"
        }
      ],
      "source": [
        "# Do NOT write here\n",
        "B"
      ]
    },
    {
      "cell_type": "markdown",
      "metadata": {
        "id": "PbtlobDs9S0Z"
      },
      "source": [
        "##### 8. Multiply matrix A and B. (use the Matrix multiplication, NOT the element-wised multiplication) "
      ]
    },
    {
      "cell_type": "code",
      "execution_count": null,
      "metadata": {
        "id": "bFHQJgJY9S0Z",
        "colab": {
          "base_uri": "https://localhost:8080/"
        },
        "outputId": "fbfcea24-8bd3-4043-9bc5-41f518d1c08b"
      },
      "outputs": [
        {
          "output_type": "execute_result",
          "data": {
            "text/plain": [
              "array([[-0.38520099,  0.06358488, -0.05722663, -0.06955691,  0.43190936,\n",
              "        -0.12156679,  0.06534707,  0.02587607, -0.11242174, -0.5925726 ],\n",
              "       [-0.96896951,  0.17349491, -0.17278352, -0.17456096,  1.13265468,\n",
              "        -0.2713685 ,  0.18147958,  0.09578209, -0.42840209, -1.36081353],\n",
              "       [-1.55273803,  0.28340494, -0.28834041, -0.279565  ,  1.8334    ,\n",
              "        -0.4211702 ,  0.2976121 ,  0.16568812, -0.74438244, -2.12905447],\n",
              "       [-2.13650655,  0.39331498, -0.40389731, -0.38456905,  2.53414533,\n",
              "        -0.57097191,  0.41374462,  0.23559414, -1.06036278, -2.8972954 ],\n",
              "       [-2.72027506,  0.50322501, -0.5194542 , -0.48957309,  3.23489065,\n",
              "        -0.72077361,  0.52987714,  0.30550017, -1.37634313, -3.66553634],\n",
              "       [-3.30404358,  0.61313505, -0.63501109, -0.59457714,  3.93563597,\n",
              "        -0.87057532,  0.64600966,  0.37540619, -1.69232348, -4.43377727],\n",
              "       [-3.8878121 ,  0.72304508, -0.75056798, -0.69958118,  4.6363813 ,\n",
              "        -1.02037702,  0.76214218,  0.44531222, -2.00830382, -5.20201821],\n",
              "       [-4.47158062,  0.83295511, -0.86612487, -0.80458523,  5.33712662,\n",
              "        -1.17017873,  0.8782747 ,  0.51521824, -2.32428417, -5.97025915],\n",
              "       [-5.05534913,  0.94286515, -0.98168176, -0.90958927,  6.03787194,\n",
              "        -1.31998043,  0.99440722,  0.58512427, -2.64026452, -6.73850008],\n",
              "       [-5.63911765,  1.05277518, -1.09723865, -1.01459332,  6.73861727,\n",
              "        -1.46978214,  1.11053974,  0.65503029, -2.95624487, -7.50674102]])"
            ]
          },
          "metadata": {},
          "execution_count": 37
        }
      ],
      "source": [
        "np.dot(A,B)# Code here"
      ]
    },
    {
      "cell_type": "code",
      "execution_count": null,
      "metadata": {
        "id": "i5i3lIkz9S0Z",
        "outputId": "4d89cb89-3d60-448c-f049-1e275a352076"
      },
      "outputs": [
        {
          "data": {
            "text/plain": [
              "array([[-0.38520099,  0.06358488, -0.05722663, -0.06955691,  0.43190936,\n",
              "        -0.12156679,  0.06534707,  0.02587607, -0.11242174, -0.5925726 ],\n",
              "       [-0.96896951,  0.17349491, -0.17278352, -0.17456096,  1.13265468,\n",
              "        -0.2713685 ,  0.18147958,  0.09578209, -0.42840209, -1.36081353],\n",
              "       [-1.55273803,  0.28340494, -0.28834041, -0.279565  ,  1.8334    ,\n",
              "        -0.4211702 ,  0.2976121 ,  0.16568812, -0.74438244, -2.12905447],\n",
              "       [-2.13650655,  0.39331498, -0.40389731, -0.38456905,  2.53414533,\n",
              "        -0.57097191,  0.41374462,  0.23559414, -1.06036278, -2.8972954 ],\n",
              "       [-2.72027506,  0.50322501, -0.5194542 , -0.48957309,  3.23489065,\n",
              "        -0.72077361,  0.52987714,  0.30550017, -1.37634313, -3.66553634],\n",
              "       [-3.30404358,  0.61313505, -0.63501109, -0.59457714,  3.93563597,\n",
              "        -0.87057532,  0.64600966,  0.37540619, -1.69232348, -4.43377727],\n",
              "       [-3.8878121 ,  0.72304508, -0.75056798, -0.69958118,  4.6363813 ,\n",
              "        -1.02037702,  0.76214218,  0.44531222, -2.00830382, -5.20201821],\n",
              "       [-4.47158062,  0.83295511, -0.86612487, -0.80458523,  5.33712662,\n",
              "        -1.17017873,  0.8782747 ,  0.51521824, -2.32428417, -5.97025915],\n",
              "       [-5.05534913,  0.94286515, -0.98168176, -0.90958927,  6.03787194,\n",
              "        -1.31998043,  0.99440722,  0.58512427, -2.64026452, -6.73850008],\n",
              "       [-5.63911765,  1.05277518, -1.09723865, -1.01459332,  6.73861727,\n",
              "        -1.46978214,  1.11053974,  0.65503029, -2.95624487, -7.50674102]])"
            ]
          },
          "execution_count": 36,
          "metadata": {},
          "output_type": "execute_result"
        }
      ],
      "source": [
        "# Do NOT write here\n"
      ]
    },
    {
      "cell_type": "markdown",
      "metadata": {
        "id": "wRWGnlS99S0a"
      },
      "source": [
        "##### 9. Import Pandas package as pd"
      ]
    },
    {
      "cell_type": "code",
      "execution_count": null,
      "metadata": {
        "id": "Lv0q8X4g9S0a"
      },
      "outputs": [],
      "source": [
        "import pandas as pd # Code here\n"
      ]
    },
    {
      "cell_type": "code",
      "execution_count": null,
      "metadata": {
        "id": "5gpyJLpL9S0a"
      },
      "outputs": [],
      "source": [
        "# Do Not write here\n"
      ]
    },
    {
      "cell_type": "markdown",
      "metadata": {
        "id": "VVDQq3tI9S0a"
      },
      "source": [
        "##### 10. Create a data frame with three columns A, B, C. Name your data frame as df. Again use the seed number = 100\n",
        "* Column A: 20 random numbers from the uniform distribution \n",
        "* Column B: the first 20 Capitals of english letters\n",
        "* Column C: range of numbers between 20 and 39 \n"
      ]
    },
    {
      "cell_type": "code",
      "source": [
        "my_list = []\n",
        "for i in range(65,85):\n",
        " a = chr(i) #looked up the function that changed numbers into letters with ascii values\n",
        " my_list.append(a)\n",
        "letter = np.array(my_list)"
      ],
      "metadata": {
        "id": "aCxPDe2Jyw40"
      },
      "execution_count": 64,
      "outputs": []
    },
    {
      "cell_type": "code",
      "execution_count": 66,
      "metadata": {
        "id": "InPWS1p79S0a"
      },
      "outputs": [],
      "source": [
        "np.random.seed(100)\n",
        "d = {\"A\" : np.random.rand(20),\"B\": letter, \"C\": np.arange(20,40)}\n",
        "df = pd.DataFrame(data = d)\n",
        "# df# Code here"
      ]
    },
    {
      "cell_type": "code",
      "source": [
        "df"
      ],
      "metadata": {
        "colab": {
          "base_uri": "https://localhost:8080/",
          "height": 676
        },
        "id": "X19NV6ZC3KzT",
        "outputId": "5a378306-6a56-4751-d074-7e4a68e8cf8a"
      },
      "execution_count": 67,
      "outputs": [
        {
          "output_type": "execute_result",
          "data": {
            "text/plain": [
              "           A  B   C\n",
              "0   0.543405  A  20\n",
              "1   0.278369  B  21\n",
              "2   0.424518  C  22\n",
              "3   0.844776  D  23\n",
              "4   0.004719  E  24\n",
              "5   0.121569  F  25\n",
              "6   0.670749  G  26\n",
              "7   0.825853  H  27\n",
              "8   0.136707  I  28\n",
              "9   0.575093  J  29\n",
              "10  0.891322  K  30\n",
              "11  0.209202  L  31\n",
              "12  0.185328  M  32\n",
              "13  0.108377  N  33\n",
              "14  0.219697  O  34\n",
              "15  0.978624  P  35\n",
              "16  0.811683  Q  36\n",
              "17  0.171941  R  37\n",
              "18  0.816225  S  38\n",
              "19  0.274074  T  39"
            ],
            "text/html": [
              "\n",
              "  <div id=\"df-c4028186-373d-4991-9672-672bbbffcaf8\" class=\"colab-df-container\">\n",
              "    <div>\n",
              "<style scoped>\n",
              "    .dataframe tbody tr th:only-of-type {\n",
              "        vertical-align: middle;\n",
              "    }\n",
              "\n",
              "    .dataframe tbody tr th {\n",
              "        vertical-align: top;\n",
              "    }\n",
              "\n",
              "    .dataframe thead th {\n",
              "        text-align: right;\n",
              "    }\n",
              "</style>\n",
              "<table border=\"1\" class=\"dataframe\">\n",
              "  <thead>\n",
              "    <tr style=\"text-align: right;\">\n",
              "      <th></th>\n",
              "      <th>A</th>\n",
              "      <th>B</th>\n",
              "      <th>C</th>\n",
              "    </tr>\n",
              "  </thead>\n",
              "  <tbody>\n",
              "    <tr>\n",
              "      <th>0</th>\n",
              "      <td>0.543405</td>\n",
              "      <td>A</td>\n",
              "      <td>20</td>\n",
              "    </tr>\n",
              "    <tr>\n",
              "      <th>1</th>\n",
              "      <td>0.278369</td>\n",
              "      <td>B</td>\n",
              "      <td>21</td>\n",
              "    </tr>\n",
              "    <tr>\n",
              "      <th>2</th>\n",
              "      <td>0.424518</td>\n",
              "      <td>C</td>\n",
              "      <td>22</td>\n",
              "    </tr>\n",
              "    <tr>\n",
              "      <th>3</th>\n",
              "      <td>0.844776</td>\n",
              "      <td>D</td>\n",
              "      <td>23</td>\n",
              "    </tr>\n",
              "    <tr>\n",
              "      <th>4</th>\n",
              "      <td>0.004719</td>\n",
              "      <td>E</td>\n",
              "      <td>24</td>\n",
              "    </tr>\n",
              "    <tr>\n",
              "      <th>5</th>\n",
              "      <td>0.121569</td>\n",
              "      <td>F</td>\n",
              "      <td>25</td>\n",
              "    </tr>\n",
              "    <tr>\n",
              "      <th>6</th>\n",
              "      <td>0.670749</td>\n",
              "      <td>G</td>\n",
              "      <td>26</td>\n",
              "    </tr>\n",
              "    <tr>\n",
              "      <th>7</th>\n",
              "      <td>0.825853</td>\n",
              "      <td>H</td>\n",
              "      <td>27</td>\n",
              "    </tr>\n",
              "    <tr>\n",
              "      <th>8</th>\n",
              "      <td>0.136707</td>\n",
              "      <td>I</td>\n",
              "      <td>28</td>\n",
              "    </tr>\n",
              "    <tr>\n",
              "      <th>9</th>\n",
              "      <td>0.575093</td>\n",
              "      <td>J</td>\n",
              "      <td>29</td>\n",
              "    </tr>\n",
              "    <tr>\n",
              "      <th>10</th>\n",
              "      <td>0.891322</td>\n",
              "      <td>K</td>\n",
              "      <td>30</td>\n",
              "    </tr>\n",
              "    <tr>\n",
              "      <th>11</th>\n",
              "      <td>0.209202</td>\n",
              "      <td>L</td>\n",
              "      <td>31</td>\n",
              "    </tr>\n",
              "    <tr>\n",
              "      <th>12</th>\n",
              "      <td>0.185328</td>\n",
              "      <td>M</td>\n",
              "      <td>32</td>\n",
              "    </tr>\n",
              "    <tr>\n",
              "      <th>13</th>\n",
              "      <td>0.108377</td>\n",
              "      <td>N</td>\n",
              "      <td>33</td>\n",
              "    </tr>\n",
              "    <tr>\n",
              "      <th>14</th>\n",
              "      <td>0.219697</td>\n",
              "      <td>O</td>\n",
              "      <td>34</td>\n",
              "    </tr>\n",
              "    <tr>\n",
              "      <th>15</th>\n",
              "      <td>0.978624</td>\n",
              "      <td>P</td>\n",
              "      <td>35</td>\n",
              "    </tr>\n",
              "    <tr>\n",
              "      <th>16</th>\n",
              "      <td>0.811683</td>\n",
              "      <td>Q</td>\n",
              "      <td>36</td>\n",
              "    </tr>\n",
              "    <tr>\n",
              "      <th>17</th>\n",
              "      <td>0.171941</td>\n",
              "      <td>R</td>\n",
              "      <td>37</td>\n",
              "    </tr>\n",
              "    <tr>\n",
              "      <th>18</th>\n",
              "      <td>0.816225</td>\n",
              "      <td>S</td>\n",
              "      <td>38</td>\n",
              "    </tr>\n",
              "    <tr>\n",
              "      <th>19</th>\n",
              "      <td>0.274074</td>\n",
              "      <td>T</td>\n",
              "      <td>39</td>\n",
              "    </tr>\n",
              "  </tbody>\n",
              "</table>\n",
              "</div>\n",
              "    <div class=\"colab-df-buttons\">\n",
              "\n",
              "  <div class=\"colab-df-container\">\n",
              "    <button class=\"colab-df-convert\" onclick=\"convertToInteractive('df-c4028186-373d-4991-9672-672bbbffcaf8')\"\n",
              "            title=\"Convert this dataframe to an interactive table.\"\n",
              "            style=\"display:none;\">\n",
              "\n",
              "  <svg xmlns=\"http://www.w3.org/2000/svg\" height=\"24px\" viewBox=\"0 -960 960 960\">\n",
              "    <path d=\"M120-120v-720h720v720H120Zm60-500h600v-160H180v160Zm220 220h160v-160H400v160Zm0 220h160v-160H400v160ZM180-400h160v-160H180v160Zm440 0h160v-160H620v160ZM180-180h160v-160H180v160Zm440 0h160v-160H620v160Z\"/>\n",
              "  </svg>\n",
              "    </button>\n",
              "\n",
              "  <style>\n",
              "    .colab-df-container {\n",
              "      display:flex;\n",
              "      gap: 12px;\n",
              "    }\n",
              "\n",
              "    .colab-df-convert {\n",
              "      background-color: #E8F0FE;\n",
              "      border: none;\n",
              "      border-radius: 50%;\n",
              "      cursor: pointer;\n",
              "      display: none;\n",
              "      fill: #1967D2;\n",
              "      height: 32px;\n",
              "      padding: 0 0 0 0;\n",
              "      width: 32px;\n",
              "    }\n",
              "\n",
              "    .colab-df-convert:hover {\n",
              "      background-color: #E2EBFA;\n",
              "      box-shadow: 0px 1px 2px rgba(60, 64, 67, 0.3), 0px 1px 3px 1px rgba(60, 64, 67, 0.15);\n",
              "      fill: #174EA6;\n",
              "    }\n",
              "\n",
              "    .colab-df-buttons div {\n",
              "      margin-bottom: 4px;\n",
              "    }\n",
              "\n",
              "    [theme=dark] .colab-df-convert {\n",
              "      background-color: #3B4455;\n",
              "      fill: #D2E3FC;\n",
              "    }\n",
              "\n",
              "    [theme=dark] .colab-df-convert:hover {\n",
              "      background-color: #434B5C;\n",
              "      box-shadow: 0px 1px 3px 1px rgba(0, 0, 0, 0.15);\n",
              "      filter: drop-shadow(0px 1px 2px rgba(0, 0, 0, 0.3));\n",
              "      fill: #FFFFFF;\n",
              "    }\n",
              "  </style>\n",
              "\n",
              "    <script>\n",
              "      const buttonEl =\n",
              "        document.querySelector('#df-c4028186-373d-4991-9672-672bbbffcaf8 button.colab-df-convert');\n",
              "      buttonEl.style.display =\n",
              "        google.colab.kernel.accessAllowed ? 'block' : 'none';\n",
              "\n",
              "      async function convertToInteractive(key) {\n",
              "        const element = document.querySelector('#df-c4028186-373d-4991-9672-672bbbffcaf8');\n",
              "        const dataTable =\n",
              "          await google.colab.kernel.invokeFunction('convertToInteractive',\n",
              "                                                    [key], {});\n",
              "        if (!dataTable) return;\n",
              "\n",
              "        const docLinkHtml = 'Like what you see? Visit the ' +\n",
              "          '<a target=\"_blank\" href=https://colab.research.google.com/notebooks/data_table.ipynb>data table notebook</a>'\n",
              "          + ' to learn more about interactive tables.';\n",
              "        element.innerHTML = '';\n",
              "        dataTable['output_type'] = 'display_data';\n",
              "        await google.colab.output.renderOutput(dataTable, element);\n",
              "        const docLink = document.createElement('div');\n",
              "        docLink.innerHTML = docLinkHtml;\n",
              "        element.appendChild(docLink);\n",
              "      }\n",
              "    </script>\n",
              "  </div>\n",
              "\n",
              "\n",
              "<div id=\"df-462d60bd-1e14-401f-bc57-572f41ffea06\">\n",
              "  <button class=\"colab-df-quickchart\" onclick=\"quickchart('df-462d60bd-1e14-401f-bc57-572f41ffea06')\"\n",
              "            title=\"Suggest charts.\"\n",
              "            style=\"display:none;\">\n",
              "\n",
              "<svg xmlns=\"http://www.w3.org/2000/svg\" height=\"24px\"viewBox=\"0 0 24 24\"\n",
              "     width=\"24px\">\n",
              "    <g>\n",
              "        <path d=\"M19 3H5c-1.1 0-2 .9-2 2v14c0 1.1.9 2 2 2h14c1.1 0 2-.9 2-2V5c0-1.1-.9-2-2-2zM9 17H7v-7h2v7zm4 0h-2V7h2v10zm4 0h-2v-4h2v4z\"/>\n",
              "    </g>\n",
              "</svg>\n",
              "  </button>\n",
              "\n",
              "<style>\n",
              "  .colab-df-quickchart {\n",
              "      --bg-color: #E8F0FE;\n",
              "      --fill-color: #1967D2;\n",
              "      --hover-bg-color: #E2EBFA;\n",
              "      --hover-fill-color: #174EA6;\n",
              "      --disabled-fill-color: #AAA;\n",
              "      --disabled-bg-color: #DDD;\n",
              "  }\n",
              "\n",
              "  [theme=dark] .colab-df-quickchart {\n",
              "      --bg-color: #3B4455;\n",
              "      --fill-color: #D2E3FC;\n",
              "      --hover-bg-color: #434B5C;\n",
              "      --hover-fill-color: #FFFFFF;\n",
              "      --disabled-bg-color: #3B4455;\n",
              "      --disabled-fill-color: #666;\n",
              "  }\n",
              "\n",
              "  .colab-df-quickchart {\n",
              "    background-color: var(--bg-color);\n",
              "    border: none;\n",
              "    border-radius: 50%;\n",
              "    cursor: pointer;\n",
              "    display: none;\n",
              "    fill: var(--fill-color);\n",
              "    height: 32px;\n",
              "    padding: 0;\n",
              "    width: 32px;\n",
              "  }\n",
              "\n",
              "  .colab-df-quickchart:hover {\n",
              "    background-color: var(--hover-bg-color);\n",
              "    box-shadow: 0 1px 2px rgba(60, 64, 67, 0.3), 0 1px 3px 1px rgba(60, 64, 67, 0.15);\n",
              "    fill: var(--button-hover-fill-color);\n",
              "  }\n",
              "\n",
              "  .colab-df-quickchart-complete:disabled,\n",
              "  .colab-df-quickchart-complete:disabled:hover {\n",
              "    background-color: var(--disabled-bg-color);\n",
              "    fill: var(--disabled-fill-color);\n",
              "    box-shadow: none;\n",
              "  }\n",
              "\n",
              "  .colab-df-spinner {\n",
              "    border: 2px solid var(--fill-color);\n",
              "    border-color: transparent;\n",
              "    border-bottom-color: var(--fill-color);\n",
              "    animation:\n",
              "      spin 1s steps(1) infinite;\n",
              "  }\n",
              "\n",
              "  @keyframes spin {\n",
              "    0% {\n",
              "      border-color: transparent;\n",
              "      border-bottom-color: var(--fill-color);\n",
              "      border-left-color: var(--fill-color);\n",
              "    }\n",
              "    20% {\n",
              "      border-color: transparent;\n",
              "      border-left-color: var(--fill-color);\n",
              "      border-top-color: var(--fill-color);\n",
              "    }\n",
              "    30% {\n",
              "      border-color: transparent;\n",
              "      border-left-color: var(--fill-color);\n",
              "      border-top-color: var(--fill-color);\n",
              "      border-right-color: var(--fill-color);\n",
              "    }\n",
              "    40% {\n",
              "      border-color: transparent;\n",
              "      border-right-color: var(--fill-color);\n",
              "      border-top-color: var(--fill-color);\n",
              "    }\n",
              "    60% {\n",
              "      border-color: transparent;\n",
              "      border-right-color: var(--fill-color);\n",
              "    }\n",
              "    80% {\n",
              "      border-color: transparent;\n",
              "      border-right-color: var(--fill-color);\n",
              "      border-bottom-color: var(--fill-color);\n",
              "    }\n",
              "    90% {\n",
              "      border-color: transparent;\n",
              "      border-bottom-color: var(--fill-color);\n",
              "    }\n",
              "  }\n",
              "</style>\n",
              "\n",
              "  <script>\n",
              "    async function quickchart(key) {\n",
              "      const quickchartButtonEl =\n",
              "        document.querySelector('#' + key + ' button');\n",
              "      quickchartButtonEl.disabled = true;  // To prevent multiple clicks.\n",
              "      quickchartButtonEl.classList.add('colab-df-spinner');\n",
              "      try {\n",
              "        const charts = await google.colab.kernel.invokeFunction(\n",
              "            'suggestCharts', [key], {});\n",
              "      } catch (error) {\n",
              "        console.error('Error during call to suggestCharts:', error);\n",
              "      }\n",
              "      quickchartButtonEl.classList.remove('colab-df-spinner');\n",
              "      quickchartButtonEl.classList.add('colab-df-quickchart-complete');\n",
              "    }\n",
              "    (() => {\n",
              "      let quickchartButtonEl =\n",
              "        document.querySelector('#df-462d60bd-1e14-401f-bc57-572f41ffea06 button');\n",
